81 	0 	1 	1 	127.739029 	0.0
81 	0 	1 	2 	187.341248 	0.0
81 	0 	1 	3 	122.682976 	0.0
81 	0 	1 	4 	154.757889 	0.0
81 	0 	1 	5 	111.421638 	0.0
81 	0 	1 	6 	147.579712 	0.0
81 	0 	1 	7 	156.496750 	0.0
81 	0 	1 	8 	150.339432 	0.0
81 	0 	1 	9 	148.473083 	0.0
81 	0 	1 	10 	108.396736 	0.0
81 	0 	1 	11 	109.397842 	0.0
81 	0 	1 	12 	108.979866 	0.0
81 	0 	1 	13 	108.309303 	0.0
81 	0 	1 	14 	108.307159 	0.0
81 	0 	1 	15 	110.871429 	0.0
81 	0 	1 	16 	106.920563 	0.0
81 	0 	1 	17 	108.238197 	0.0
81 	0 	1 	18 	107.738396 	0.0
81 	0 	1 	19 	107.841148 	0.0
81 	0 	1 	20 	104.754143 	0.0
81 	0 	1 	21 	109.927063 	0.0
81 	0 	1 	22 	105.726845 	0.0
81 	0 	1 	23 	107.640930 	0.0
81 	0 	1 	24 	105.752045 	0.0
81 	0 	1 	25 	107.736916 	0.0
81 	0 	1 	26 	107.272949 	0.0
81 	0 	1 	27 	107.112175 	0.0
81 	0 	1 	28 	105.634293 	0.0
81 	0 	1 	29 	108.187317 	0.0
81 	0 	1 	30 	106.168098 	0.0
81 	0 	1 	31 	106.157333 	0.0
81 	0 	2 	1 	154.402832 	0.0
81 	0 	2 	2 	160.328873 	0.0
81 	0 	2 	3 	158.129379 	0.0
81 	0 	2 	4 	153.930542 	0.0
81 	0 	2 	5 	147.543793 	0.0
81 	0 	2 	6 	150.595764 	0.0
81 	0 	2 	7 	151.661118 	0.0
81 	0 	2 	8 	149.767502 	0.0
81 	0 	2 	9 	149.108566 	0.0
81 	0 	2 	10 	107.346458 	0.0
81 	0 	2 	11 	106.945580 	0.0
81 	0 	2 	12 	109.442322 	0.0
81 	0 	2 	13 	108.210846 	0.0
81 	0 	2 	14 	107.867928 	0.0
81 	0 	2 	15 	109.046890 	0.0
81 	0 	2 	16 	107.844002 	0.0
81 	0 	2 	17 	106.957314 	0.0
81 	0 	2 	18 	107.445869 	0.0
81 	0 	2 	19 	107.852547 	0.0
81 	0 	2 	20 	108.635948 	0.0
81 	0 	2 	21 	108.195862 	0.0
81 	0 	2 	22 	107.600761 	0.0
81 	0 	2 	23 	107.264061 	0.0
81 	0 	2 	24 	106.590042 	0.0
81 	0 	2 	25 	106.769463 	0.0
81 	0 	2 	26 	106.868126 	0.0
81 	0 	2 	27 	106.728966 	0.0
81 	0 	2 	28 	103.575508 	0.0
81 	0 	2 	29 	105.036499 	0.0
81 	0 	2 	30 	106.850143 	0.0
81 	0 	2 	31 	106.178223 	0.0
81 	0 	3 	1 	156.344467 	0.0
81 	0 	3 	2 	161.406097 	0.0
81 	0 	3 	3 	163.735977 	0.0
81 	0 	3 	4 	153.515350 	0.0
81 	0 	3 	5 	149.949509 	0.0
81 	0 	3 	6 	149.600937 	0.0
81 	0 	3 	7 	150.933105 	0.0
81 	0 	3 	8 	152.021713 	0.0
81 	0 	3 	9 	150.042389 	0.0
81 	0 	3 	10 	107.910957 	0.0
81 	0 	3 	11 	108.949677 	0.0
81 	0 	3 	12 	108.614555 	0.0
81 	0 	3 	13 	107.304527 	0.0
81 	0 	3 	14 	108.153320 	0.0
81 	0 	3 	15 	107.420448 	0.0
81 	0 	3 	16 	108.003586 	0.0
81 	0 	3 	17 	104.991806 	0.0
81 	0 	3 	18 	107.238907 	0.0
81 	0 	3 	19 	106.967262 	0.0
81 	0 	3 	20 	108.915939 	0.0
81 	0 	3 	21 	107.219597 	0.0
81 	0 	3 	22 	106.914932 	0.0
81 	0 	3 	23 	106.075783 	0.0
81 	0 	3 	24 	106.156593 	0.0
81 	0 	3 	25 	108.267296 	0.0
81 	0 	3 	26 	107.212486 	0.0
81 	0 	3 	27 	106.202415 	0.0
81 	0 	3 	28 	107.444885 	0.0
81 	0 	3 	29 	106.689240 	0.0
81 	0 	3 	30 	108.555923 	0.0
81 	0 	3 	31 	108.269997 	0.0
81 	0 	4 	1 	154.790756 	0.0
81 	0 	4 	2 	154.465424 	0.0
81 	0 	4 	3 	152.530579 	0.0
81 	0 	4 	4 	151.119263 	0.0
81 	0 	4 	5 	151.353653 	0.0
81 	0 	4 	6 	147.617950 	0.0
81 	0 	4 	7 	151.655319 	0.0
81 	0 	4 	8 	150.007553 	0.0
81 	0 	4 	9 	149.385132 	0.0
81 	0 	4 	10 	106.639442 	0.0
81 	0 	4 	11 	107.271141 	0.0
81 	0 	4 	12 	107.927116 	0.0
81 	0 	4 	13 	108.677521 	0.0
81 	0 	4 	14 	108.818451 	0.0
81 	0 	4 	15 	107.188538 	0.0
81 	0 	4 	16 	106.113075 	0.0
81 	0 	4 	17 	108.357315 	0.0
81 	0 	4 	18 	106.205162 	0.0
81 	0 	4 	19 	106.424026 	0.0
81 	0 	4 	20 	105.428131 	0.0
81 	0 	4 	21 	106.898102 	0.0
81 	0 	4 	22 	106.971771 	0.0
81 	0 	4 	23 	107.656738 	0.0
81 	0 	4 	24 	106.826332 	0.0
81 	0 	4 	25 	107.976646 	0.0
81 	0 	4 	26 	107.958366 	0.0
81 	0 	4 	27 	105.963821 	0.0
81 	0 	4 	28 	106.127563 	0.0
81 	0 	4 	29 	107.035324 	0.0
81 	0 	4 	30 	106.132660 	0.0
81 	0 	4 	31 	105.681572 	0.0
81 	0 	5 	1 	155.189804 	0.0
81 	0 	5 	2 	152.847137 	0.0
81 	0 	5 	3 	153.368408 	0.0
81 	0 	5 	4 	151.882217 	0.0
81 	0 	5 	5 	151.435593 	0.0
81 	0 	5 	6 	150.765533 	0.0
81 	0 	5 	7 	148.440048 	0.0
81 	0 	5 	8 	150.044144 	0.0
81 	0 	5 	9 	148.487579 	0.0
81 	0 	5 	10 	108.532333 	0.0
81 	0 	5 	11 	107.978813 	0.0
81 	0 	5 	12 	108.340439 	0.0
81 	0 	5 	13 	106.693100 	0.0
81 	0 	5 	14 	109.432877 	0.0
81 	0 	5 	15 	110.082550 	0.0
81 	0 	5 	16 	109.070915 	0.0
81 	0 	5 	17 	107.974548 	0.0
81 	0 	5 	18 	106.064758 	0.0
81 	0 	5 	19 	106.403748 	0.0
81 	0 	5 	20 	105.706940 	0.0
81 	0 	5 	21 	107.893028 	0.0
81 	0 	5 	22 	106.280464 	0.0
81 	0 	5 	23 	107.452843 	0.0
81 	0 	5 	24 	107.244507 	0.0
81 	0 	5 	25 	106.997406 	0.0
81 	0 	5 	26 	109.088417 	0.0
81 	0 	5 	27 	107.990005 	0.0
81 	0 	5 	28 	105.621056 	0.0
81 	0 	5 	29 	106.015343 	0.0
81 	0 	5 	30 	105.774567 	0.0
81 	0 	5 	31 	107.847748 	0.0
81 	0 	6 	1 	157.716629 	0.0
81 	0 	6 	2 	156.152328 	0.0
81 	0 	6 	3 	154.124725 	0.0
81 	0 	6 	4 	150.935684 	0.0
81 	0 	6 	5 	153.571350 	0.0
81 	0 	6 	6 	151.027161 	0.0
81 	0 	6 	7 	152.159836 	0.0
81 	0 	6 	8 	149.935776 	0.0
81 	0 	6 	9 	153.181976 	0.0
81 	0 	6 	10 	109.545288 	0.0
81 	0 	6 	11 	109.013794 	0.0
81 	0 	6 	12 	108.966286 	0.0
81 	0 	6 	13 	108.797073 	0.0
81 	0 	6 	14 	109.711678 	0.0
81 	0 	6 	15 	108.387184 	0.0
81 	0 	6 	16 	107.415642 	0.0
81 	0 	6 	17 	108.097725 	0.0
81 	0 	6 	18 	106.815170 	0.0
81 	0 	6 	19 	107.853600 	0.0
81 	0 	6 	20 	106.323090 	0.0
81 	0 	6 	21 	106.838783 	0.0
81 	0 	6 	22 	107.371666 	0.0
81 	0 	6 	23 	108.481903 	0.0
81 	0 	6 	24 	106.802292 	0.0
81 	0 	6 	25 	107.185654 	0.0
81 	0 	6 	26 	106.719734 	0.0
81 	0 	6 	27 	108.675896 	0.0
81 	0 	6 	28 	107.836601 	0.0
81 	0 	6 	29 	106.769379 	0.0
81 	0 	6 	30 	106.634674 	0.0
81 	0 	6 	31 	107.955460 	0.0
81 	0 	7 	1 	152.406052 	0.0
81 	0 	7 	2 	155.680054 	0.0
81 	0 	7 	3 	154.411697 	0.0
81 	0 	7 	4 	152.094589 	0.0
81 	0 	7 	5 	146.568527 	0.0
81 	0 	7 	6 	150.252884 	0.0
81 	0 	7 	7 	149.778854 	0.0
81 	0 	7 	8 	151.599731 	0.0
81 	0 	7 	9 	148.498444 	0.0
81 	0 	7 	10 	107.384224 	0.0
81 	0 	7 	11 	108.577171 	0.0
81 	0 	7 	12 	108.968689 	0.0
81 	0 	7 	13 	107.827888 	0.0
81 	0 	7 	14 	109.845116 	0.0
81 	0 	7 	15 	109.142860 	0.0
81 	0 	7 	16 	109.403351 	0.0
81 	0 	7 	17 	108.043495 	0.0
81 	0 	7 	18 	108.011879 	0.0
81 	0 	7 	19 	108.370399 	0.0
81 	0 	7 	20 	107.244347 	0.0
81 	0 	7 	21 	108.499802 	0.0
81 	0 	7 	22 	108.324707 	0.0
81 	0 	7 	23 	107.520576 	0.0
81 	0 	7 	24 	107.793968 	0.0
81 	0 	7 	25 	108.686867 	0.0
81 	0 	7 	26 	104.955048 	0.0
81 	0 	7 	27 	106.711182 	0.0
81 	0 	7 	28 	106.627052 	0.0
81 	0 	7 	29 	107.046272 	0.0
81 	0 	7 	30 	107.313942 	0.0
81 	0 	7 	31 	114.010719 	0.0
81 	0 	8 	1 	153.373306 	0.0
81 	0 	8 	2 	152.681808 	0.0
81 	0 	8 	3 	153.907516 	0.0
81 	0 	8 	4 	153.950256 	0.0
81 	0 	8 	5 	151.822983 	0.0
81 	0 	8 	6 	150.573639 	0.0
81 	0 	8 	7 	151.740936 	0.0
81 	0 	8 	8 	150.852921 	0.0
81 	0 	8 	9 	149.721695 	0.0
81 	0 	8 	10 	109.145805 	0.0
81 	0 	8 	11 	108.612961 	0.0
81 	0 	8 	12 	109.120766 	0.0
81 	0 	8 	13 	108.388161 	0.0
81 	0 	8 	14 	108.268890 	0.0
81 	0 	8 	15 	109.683037 	0.0
81 	0 	8 	16 	108.080383 	0.0
81 	0 	8 	17 	106.440872 	0.0
81 	0 	8 	18 	106.800392 	0.0
81 	0 	8 	19 	107.316788 	0.0
81 	0 	8 	20 	106.397652 	0.0
81 	0 	8 	21 	106.710747 	0.0
81 	0 	8 	22 	107.579674 	0.0
81 	0 	8 	23 	105.782860 	0.0
81 	0 	8 	24 	108.559196 	0.0
81 	0 	8 	25 	107.857903 	0.0
81 	0 	8 	26 	105.986588 	0.0
81 	0 	8 	27 	106.546143 	0.0
81 	0 	8 	28 	108.796204 	0.0
81 	0 	8 	29 	108.842674 	0.0
81 	0 	8 	30 	106.868942 	0.0
81 	0 	8 	31 	108.332115 	0.0
81 	0 	9 	1 	154.521378 	0.0
81 	0 	9 	2 	153.088867 	0.0
81 	0 	9 	3 	153.644028 	0.0
81 	0 	9 	4 	151.201767 	0.0
81 	0 	9 	5 	152.473663 	0.0
81 	0 	9 	6 	150.458160 	0.0
81 	0 	9 	7 	150.106873 	0.0
81 	0 	9 	8 	148.856232 	0.0
81 	0 	9 	9 	151.779770 	0.0
81 	0 	9 	10 	108.528046 	0.0
81 	0 	9 	11 	110.094086 	0.0
81 	0 	9 	12 	109.701889 	0.0
81 	0 	9 	13 	110.202553 	0.0
81 	0 	9 	14 	106.758484 	0.0
81 	0 	9 	15 	111.539612 	0.0
81 	0 	9 	16 	108.555519 	0.0
81 	0 	9 	17 	107.264915 	0.0
81 	0 	9 	18 	106.819229 	0.0
81 	0 	9 	19 	108.999947 	0.0
81 	0 	9 	20 	105.952858 	0.0
81 	0 	9 	21 	107.176933 	0.0
81 	0 	9 	22 	108.324333 	0.0
81 	0 	9 	23 	106.643738 	0.0
81 	0 	9 	24 	105.115959 	0.0
81 	0 	9 	25 	106.926704 	0.0
81 	0 	9 	26 	105.206436 	0.0
81 	0 	9 	27 	105.998940 	0.0
81 	0 	9 	28 	105.826889 	0.0
81 	0 	9 	29 	106.927132 	0.0
81 	0 	9 	30 	105.667595 	0.0
81 	0 	9 	31 	106.736641 	0.0
81 	0 	10 	1 	155.468658 	0.0
81 	0 	10 	2 	150.414276 	0.0
81 	0 	10 	3 	157.523727 	0.0
81 	0 	10 	4 	150.537323 	0.0
81 	0 	10 	5 	151.407288 	0.0
81 	0 	10 	6 	150.579315 	0.0
81 	0 	10 	7 	147.636642 	0.0
81 	0 	10 	8 	150.922028 	0.0
81 	0 	10 	9 	150.846069 	0.0
81 	0 	10 	10 	108.270706 	0.0
81 	0 	10 	11 	110.015060 	0.0
81 	0 	10 	12 	110.729187 	0.0
81 	0 	10 	13 	107.540710 	0.0
81 	0 	10 	14 	106.768501 	0.0
81 	0 	10 	15 	114.756607 	0.0
81 	0 	10 	16 	107.934219 	0.0
81 	0 	10 	17 	107.271584 	0.0
81 	0 	10 	18 	108.164238 	0.0
81 	0 	10 	19 	108.174553 	0.0
81 	0 	10 	20 	107.550888 	0.0
81 	0 	10 	21 	108.251694 	0.0
81 	0 	10 	22 	106.371559 	0.0
81 	0 	10 	23 	106.478836 	0.0
81 	0 	10 	24 	108.353706 	0.0
81 	0 	10 	25 	109.297447 	0.0
81 	0 	10 	26 	105.467545 	0.0
81 	0 	10 	27 	107.687881 	0.0
81 	0 	10 	28 	109.658936 	0.0
81 	0 	10 	29 	108.047791 	0.0
81 	0 	10 	30 	105.382446 	0.0
81 	0 	10 	31 	109.485939 	0.0
81 	0 	11 	1 	155.818420 	0.0
81 	0 	11 	2 	159.931992 	0.0
81 	0 	11 	3 	161.463364 	0.0
81 	0 	11 	4 	153.685852 	0.0
81 	0 	11 	5 	150.461060 	0.0
81 	0 	11 	6 	148.648376 	0.0
81 	0 	11 	7 	150.549454 	0.0
81 	0 	11 	8 	149.855331 	0.0
81 	0 	11 	9 	150.198868 	0.0
81 	0 	11 	10 	108.734833 	0.0
81 	0 	11 	11 	110.121635 	0.0
81 	0 	11 	12 	107.887230 	0.0
81 	0 	11 	13 	110.300110 	0.0
81 	0 	11 	14 	109.686722 	0.0
81 	0 	11 	15 	108.909378 	0.0
81 	0 	11 	16 	108.656769 	0.0
81 	0 	11 	17 	105.561142 	0.0
81 	0 	11 	18 	107.815987 	0.0
81 	0 	11 	19 	108.290718 	0.0
81 	0 	11 	20 	108.964928 	0.0
81 	0 	11 	21 	106.745026 	0.0
81 	0 	11 	22 	108.760414 	0.0
81 	0 	11 	23 	108.585159 	0.0
81 	0 	11 	24 	105.781258 	0.0
81 	0 	11 	25 	109.216660 	0.0
81 	0 	11 	26 	101.926094 	0.0
81 	0 	11 	27 	107.339455 	0.0
81 	0 	11 	28 	107.954803 	0.0
81 	0 	11 	29 	109.744987 	0.0
81 	0 	11 	30 	106.402359 	0.0
81 	0 	11 	31 	109.852859 	0.0
81 	0 	12 	1 	161.775894 	0.0
81 	0 	12 	2 	177.060791 	0.0
81 	0 	12 	3 	155.929520 	0.0
81 	0 	12 	4 	151.354202 	0.0
81 	0 	12 	5 	151.940033 	0.0
81 	0 	12 	6 	147.721664 	0.0
81 	0 	12 	7 	150.528809 	0.0
81 	0 	12 	8 	148.302536 	0.0
81 	0 	12 	9 	149.772217 	0.0
81 	0 	12 	10 	107.272331 	0.0
81 	0 	12 	11 	108.673302 	0.0
81 	0 	12 	12 	106.044250 	0.0
81 	0 	12 	13 	107.073944 	0.0
81 	0 	12 	14 	106.917931 	0.0
81 	0 	12 	15 	107.346046 	0.0
81 	0 	12 	16 	104.243622 	0.0
81 	0 	12 	17 	106.425331 	0.0
81 	0 	12 	18 	105.735794 	0.0
81 	0 	12 	19 	109.551102 	0.0
81 	0 	12 	20 	106.015343 	0.0
81 	0 	12 	21 	107.854340 	0.0
81 	0 	12 	22 	107.458496 	0.0
81 	0 	12 	23 	105.810837 	0.0
81 	0 	12 	24 	104.099899 	0.0
81 	0 	12 	25 	108.226929 	0.0
81 	0 	12 	26 	105.060387 	0.0
81 	0 	12 	27 	104.221672 	0.0
81 	0 	12 	28 	107.240524 	0.0
81 	0 	12 	29 	104.724747 	0.0
81 	0 	12 	30 	107.599571 	0.0
81 	0 	12 	31 	105.801720 	0.0
81 	1 	1 	1 	163.359390 	0.0
81 	1 	1 	2 	152.293793 	0.0
81 	1 	1 	3 	163.984543 	0.0
81 	1 	1 	4 	154.245102 	0.0
81 	1 	1 	5 	163.696320 	0.0
81 	1 	1 	6 	152.320450 	0.0
81 	1 	1 	7 	165.528488 	0.0
81 	1 	1 	8 	154.899689 	0.0
81 	1 	1 	9 	161.402771 	0.0
81 	1 	1 	10 	107.287537 	0.0
81 	1 	1 	11 	109.561333 	0.0
81 	1 	1 	12 	109.427773 	0.0
81 	1 	1 	13 	110.130280 	0.0
81 	1 	1 	14 	109.612488 	0.0
81 	1 	1 	15 	112.798988 	0.0
81 	1 	1 	16 	109.395195 	0.0
81 	1 	1 	17 	116.141510 	0.0
81 	1 	1 	18 	114.200340 	0.0
81 	1 	1 	19 	119.771416 	0.0
81 	1 	1 	20 	110.892723 	0.0
81 	1 	1 	21 	116.342781 	0.0
81 	1 	1 	22 	113.451126 	0.0
81 	1 	1 	23 	117.346230 	0.0
81 	1 	1 	24 	117.470055 	0.0
81 	1 	1 	25 	121.350609 	0.0
81 	1 	1 	26 	113.793655 	0.0
81 	1 	1 	27 	144.051498 	0.0
81 	1 	1 	28 	122.436340 	0.0
81 	1 	1 	29 	115.494530 	0.0
81 	1 	1 	30 	140.351944 	0.0
81 	1 	1 	31 	117.498177 	0.0
81 	1 	2 	1 	158.757034 	0.0
81 	1 	2 	2 	159.137466 	0.0
81 	1 	2 	3 	166.578003 	0.0
81 	1 	2 	4 	389.128174 	0.0
81 	1 	2 	5 	171.242615 	0.0
81 	1 	2 	6 	152.825394 	0.0
81 	1 	2 	7 	163.556763 	0.0
81 	1 	2 	8 	156.226501 	0.0
81 	1 	2 	9 	170.873260 	0.0
81 	1 	2 	10 	107.187660 	0.0
81 	1 	2 	11 	110.031349 	0.0
81 	1 	2 	12 	100.933220 	0.0
81 	1 	2 	13 	112.562050 	0.0
81 	1 	2 	14 	108.171425 	0.0
81 	1 	2 	15 	109.872498 	0.0
81 	1 	2 	16 	110.827614 	0.0
81 	1 	2 	17 	113.088303 	0.0
81 	1 	2 	18 	110.793358 	0.0
81 	1 	2 	19 	115.551041 	0.0
81 	1 	2 	20 	111.734680 	0.0
81 	1 	2 	21 	115.939125 	0.0
81 	1 	2 	22 	116.323982 	0.0
81 	1 	2 	23 	117.491844 	0.0
81 	1 	2 	24 	118.348251 	0.0
81 	1 	2 	25 	115.423988 	0.0
81 	1 	2 	26 	116.049606 	0.0
81 	1 	2 	27 	118.798759 	0.0
81 	1 	2 	28 	121.892235 	0.0
81 	1 	2 	29 	124.354820 	0.0
81 	1 	2 	30 	115.499649 	0.0
81 	1 	2 	31 	110.991707 	0.0
81 	1 	3 	1 	158.645020 	0.0
81 	1 	3 	2 	167.400131 	0.0
81 	1 	3 	3 	171.797287 	0.0
81 	1 	3 	4 	166.593460 	0.0
81 	1 	3 	5 	164.194138 	0.0
81 	1 	3 	6 	167.070007 	0.0
81 	1 	3 	7 	161.469177 	0.0
81 	1 	3 	8 	167.674744 	0.0
81 	1 	3 	9 	159.255630 	0.0
81 	1 	3 	10 	112.632202 	0.0
81 	1 	3 	11 	110.968254 	0.0
81 	1 	3 	12 	114.145821 	0.0
81 	1 	3 	13 	109.669159 	0.0
81 	1 	3 	14 	115.644714 	0.0
81 	1 	3 	15 	112.857635 	0.0
81 	1 	3 	16 	122.841843 	0.0
81 	1 	3 	17 	114.984573 	0.0
81 	1 	3 	18 	120.030968 	0.0
81 	1 	3 	19 	114.020401 	0.0
81 	1 	3 	20 	119.767288 	0.0
81 	1 	3 	21 	111.274475 	0.0
81 	1 	3 	22 	119.788681 	0.0
81 	1 	3 	23 	112.681244 	0.0
81 	1 	3 	24 	121.188339 	0.0
81 	1 	3 	25 	121.204613 	0.0
81 	1 	3 	26 	117.946030 	0.0
81 	1 	3 	27 	116.602783 	0.0
81 	1 	3 	28 	129.015045 	0.0
81 	1 	3 	29 	117.284981 	0.0
81 	1 	3 	30 	110.582626 	0.0
81 	1 	3 	31 	114.464661 	0.0
81 	1 	4 	1 	158.058304 	0.0
81 	1 	4 	2 	165.760040 	0.0
81 	1 	4 	3 	187.047516 	0.0
81 	1 	4 	4 	187.062012 	0.0
81 	1 	4 	5 	185.051483 	0.0
81 	1 	4 	6 	185.746628 	0.0
81 	1 	4 	7 	183.736404 	0.0
81 	1 	4 	8 	171.035873 	0.0
81 	1 	4 	9 	188.881790 	0.0
81 	1 	4 	10 	113.207588 	0.0
81 	1 	4 	11 	114.716347 	0.0
81 	1 	4 	12 	112.812973 	0.0
81 	1 	4 	13 	113.220039 	0.0
81 	1 	4 	14 	113.605293 	0.0
81 	1 	4 	15 	112.760201 	0.0
81 	1 	4 	16 	126.080727 	0.0
81 	1 	4 	17 	139.170807 	0.0
81 	1 	4 	18 	123.482620 	0.0
81 	1 	4 	19 	125.103989 	0.0
81 	1 	4 	20 	123.256935 	0.0
81 	1 	4 	21 	127.934738 	0.0
81 	1 	4 	22 	120.329163 	0.0
81 	1 	4 	23 	126.382309 	0.0
81 	1 	4 	24 	129.392212 	0.0
81 	1 	4 	25 	122.029106 	0.0
81 	1 	4 	26 	129.137756 	0.0
81 	1 	4 	27 	152.018845 	0.0
81 	1 	4 	28 	139.823532 	0.0
81 	1 	4 	29 	147.119751 	0.0
81 	1 	4 	30 	149.870026 	0.0
81 	1 	4 	31 	119.048447 	0.0
81 	1 	5 	1 	160.268143 	0.0
81 	1 	5 	2 	160.040009 	0.0
81 	1 	5 	3 	160.907959 	0.0
81 	1 	5 	4 	156.404434 	0.0
81 	1 	5 	5 	166.179398 	0.0
81 	1 	5 	6 	157.249725 	0.0
81 	1 	5 	7 	160.800766 	0.0
81 	1 	5 	8 	161.731705 	0.0
81 	1 	5 	9 	185.429031 	0.0
81 	1 	5 	10 	114.170769 	0.0
81 	1 	5 	11 	116.094757 	0.0
81 	1 	5 	12 	116.089935 	0.0
81 	1 	5 	13 	109.648247 	0.0
81 	1 	5 	14 	114.963997 	0.0
81 	1 	5 	15 	114.450020 	0.0
81 	1 	5 	16 	109.802261 	0.0
81 	1 	5 	17 	112.268738 	0.0
81 	1 	5 	18 	117.133423 	0.0
81 	1 	5 	19 	123.147408 	0.0
81 	1 	5 	20 	117.935600 	0.0
81 	1 	5 	21 	115.489716 	0.0
81 	1 	5 	22 	117.459999 	0.0
81 	1 	5 	23 	108.687332 	0.0
81 	1 	5 	24 	121.699852 	0.0
81 	1 	5 	25 	126.239105 	0.0
81 	1 	5 	26 	115.590706 	0.0
81 	1 	5 	27 	122.052216 	0.0
81 	1 	5 	28 	120.289734 	0.0
81 	1 	5 	29 	114.689629 	0.0
81 	1 	5 	30 	122.532433 	0.0
81 	1 	5 	31 	114.297462 	0.0
81 	1 	6 	1 	156.202774 	0.0
81 	1 	6 	2 	158.089523 	0.0
81 	1 	6 	3 	165.291504 	0.0
81 	1 	6 	4 	159.635468 	0.0
81 	1 	6 	5 	164.220627 	0.0
81 	1 	6 	6 	161.381165 	0.0
81 	1 	6 	7 	170.699326 	0.0
81 	1 	6 	8 	161.977753 	0.0
81 	1 	6 	9 	168.972290 	0.0
81 	1 	6 	10 	111.061951 	0.0
81 	1 	6 	11 	111.164604 	0.0
81 	1 	6 	12 	106.055527 	0.0
81 	1 	6 	13 	111.011467 	0.0
81 	1 	6 	14 	107.026840 	0.0
81 	1 	6 	15 	107.921730 	0.0
81 	1 	6 	16 	111.241730 	0.0
81 	1 	6 	17 	112.275452 	0.0
81 	1 	6 	18 	112.574982 	0.0
81 	1 	6 	19 	118.529442 	0.0
81 	1 	6 	20 	113.033607 	0.0
81 	1 	6 	21 	117.805916 	0.0
81 	1 	6 	22 	113.561127 	0.0
81 	1 	6 	23 	113.487045 	0.0
81 	1 	6 	24 	118.629890 	0.0
81 	1 	6 	25 	125.621765 	0.0
81 	1 	6 	26 	119.477135 	0.0
81 	1 	6 	27 	124.846115 	0.0
81 	1 	6 	28 	129.443619 	0.0
81 	1 	6 	29 	123.034988 	0.0
81 	1 	6 	30 	125.047440 	0.0
81 	1 	6 	31 	124.969444 	0.0
81 	1 	7 	1 	150.781433 	0.0
81 	1 	7 	2 	159.962646 	0.0
81 	1 	7 	3 	156.390411 	0.0
81 	1 	7 	4 	157.481812 	0.0
81 	1 	7 	5 	153.586670 	0.0
81 	1 	7 	6 	153.270477 	0.0
81 	1 	7 	7 	146.716980 	0.0
81 	1 	7 	8 	156.968033 	0.0
81 	1 	7 	9 	161.921631 	0.0
81 	1 	7 	10 	99.273972 	0.0
81 	1 	7 	11 	97.450737 	0.0
81 	1 	7 	12 	101.751740 	0.0
81 	1 	7 	13 	97.093384 	0.0
81 	1 	7 	14 	106.368668 	0.0
81 	1 	7 	15 	104.868050 	0.0
81 	1 	7 	16 	102.769386 	0.0
81 	1 	7 	17 	111.821152 	0.0
81 	1 	7 	18 	109.028824 	0.0
81 	1 	7 	19 	108.574104 	0.0
81 	1 	7 	20 	106.664528 	0.0
81 	1 	7 	21 	111.006172 	0.0
81 	1 	7 	22 	110.178635 	0.0
81 	1 	7 	23 	107.494728 	0.0
81 	1 	7 	24 	108.860703 	0.0
81 	1 	7 	25 	112.854927 	0.0
81 	1 	7 	26 	101.091782 	0.0
81 	1 	7 	27 	100.462898 	0.0
81 	1 	7 	28 	118.684166 	0.0
81 	1 	7 	29 	113.636887 	0.0
81 	1 	7 	30 	112.380013 	0.0
81 	1 	7 	31 	115.293907 	0.0
81 	1 	8 	1 	154.226761 	0.0
81 	1 	8 	2 	169.782623 	0.0
81 	1 	8 	3 	153.544479 	0.0
81 	1 	8 	4 	160.779831 	0.0
81 	1 	8 	5 	158.744171 	0.0
81 	1 	8 	6 	164.983490 	0.0
81 	1 	8 	7 	159.185928 	0.0
81 	1 	8 	8 	163.543259 	0.0
81 	1 	8 	9 	182.780075 	0.0
81 	1 	8 	10 	107.584389 	0.0
81 	1 	8 	11 	102.525681 	0.0
81 	1 	8 	12 	109.475807 	0.0
81 	1 	8 	13 	103.159561 	0.0
81 	1 	8 	14 	101.626030 	0.0
81 	1 	8 	15 	105.769913 	0.0
81 	1 	8 	16 	121.823120 	0.0
81 	1 	8 	17 	117.783333 	0.0
81 	1 	8 	18 	114.108940 	0.0
81 	1 	8 	19 	117.158035 	0.0
81 	1 	8 	20 	124.899544 	0.0
81 	1 	8 	21 	123.640274 	0.0
81 	1 	8 	22 	120.137550 	0.0
81 	1 	8 	23 	119.672356 	0.0
81 	1 	8 	24 	113.451385 	0.0
81 	1 	8 	25 	114.259811 	0.0
81 	1 	8 	26 	104.831436 	0.0
81 	1 	8 	27 	101.111229 	0.0
81 	1 	8 	28 	118.051445 	0.0
81 	1 	8 	29 	117.300125 	0.0
81 	1 	8 	30 	140.095917 	0.0
81 	1 	8 	31 	119.022469 	0.0
81 	1 	9 	1 	159.222794 	0.0
81 	1 	9 	2 	167.070068 	0.0
81 	1 	9 	3 	158.602798 	0.0
81 	1 	9 	4 	152.943329 	0.0
81 	1 	9 	5 	155.078903 	0.0
81 	1 	9 	6 	149.162430 	0.0
81 	1 	9 	7 	151.582123 	0.0
81 	1 	9 	8 	151.701172 	0.0
81 	1 	9 	9 	155.335159 	0.0
81 	1 	9 	10 	105.339790 	0.0
81 	1 	9 	11 	110.943695 	0.0
81 	1 	9 	12 	107.383850 	0.0
81 	1 	9 	13 	107.597656 	0.0
81 	1 	9 	14 	109.374428 	0.0
81 	1 	9 	15 	107.237083 	0.0
81 	1 	9 	16 	110.096825 	0.0
81 	1 	9 	17 	112.659210 	0.0
81 	1 	9 	18 	106.267822 	0.0
81 	1 	9 	19 	107.772865 	0.0
81 	1 	9 	20 	108.551819 	0.0
81 	1 	9 	21 	110.978088 	0.0
81 	1 	9 	22 	108.406471 	0.0
81 	1 	9 	23 	109.213249 	0.0
81 	1 	9 	24 	110.772453 	0.0
81 	1 	9 	25 	107.175957 	0.0
81 	1 	9 	26 	101.565498 	0.0
81 	1 	9 	27 	102.157295 	0.0
81 	1 	9 	28 	106.064362 	0.0
81 	1 	9 	29 	112.301125 	0.0
81 	1 	9 	30 	110.649757 	0.0
81 	1 	9 	31 	116.766289 	0.0
81 	1 	10 	1 	157.684174 	0.0
81 	1 	10 	2 	157.163010 	0.0
81 	1 	10 	3 	156.443161 	0.0
81 	1 	10 	4 	153.063797 	0.0
81 	1 	10 	5 	158.790665 	0.0
81 	1 	10 	6 	152.107101 	0.0
81 	1 	10 	7 	149.728699 	0.0
81 	1 	10 	8 	157.157928 	0.0
81 	1 	10 	9 	158.310257 	0.0
81 	1 	10 	10 	108.108093 	0.0
81 	1 	10 	11 	105.716774 	0.0
81 	1 	10 	12 	107.848831 	0.0
81 	1 	10 	13 	112.387321 	0.0
81 	1 	10 	14 	110.979271 	0.0
81 	1 	10 	15 	112.057518 	0.0
81 	1 	10 	16 	105.851288 	0.0
81 	1 	10 	17 	115.113411 	0.0
81 	1 	10 	18 	110.643692 	0.0
81 	1 	10 	19 	109.944633 	0.0
81 	1 	10 	20 	114.613876 	0.0
81 	1 	10 	21 	111.368240 	0.0
81 	1 	10 	22 	111.877190 	0.0
81 	1 	10 	23 	109.187790 	0.0
81 	1 	10 	24 	107.966560 	0.0
81 	1 	10 	25 	109.485687 	0.0
81 	1 	10 	26 	123.360886 	0.0
81 	1 	10 	27 	97.345222 	0.0
81 	1 	10 	28 	108.886261 	0.0
81 	1 	10 	29 	113.980705 	0.0
81 	1 	10 	30 	115.734932 	0.0
81 	1 	10 	31 	114.389946 	0.0
81 	1 	11 	1 	153.839706 	0.0
81 	1 	11 	2 	164.708435 	0.0
81 	1 	11 	3 	161.900909 	0.0
81 	1 	11 	4 	158.268494 	0.0
81 	1 	11 	5 	161.979660 	0.0
81 	1 	11 	6 	159.900833 	0.0
81 	1 	11 	7 	152.547226 	0.0
81 	1 	11 	8 	169.359390 	0.0
81 	1 	11 	9 	158.669464 	0.0
81 	1 	11 	10 	105.583923 	0.0
81 	1 	11 	11 	106.731140 	0.0
81 	1 	11 	12 	113.378860 	0.0
81 	1 	11 	13 	100.552353 	0.0
81 	1 	11 	14 	106.385994 	0.0
81 	1 	11 	15 	96.652596 	0.0
81 	1 	11 	16 	121.818810 	0.0
81 	1 	11 	17 	103.219879 	0.0
81 	1 	11 	18 	107.441185 	0.0
81 	1 	11 	19 	112.596146 	0.0
81 	1 	11 	20 	114.935455 	0.0
81 	1 	11 	21 	111.350342 	0.0
81 	1 	11 	22 	110.213638 	0.0
81 	1 	11 	23 	111.174858 	0.0
81 	1 	11 	24 	120.177521 	0.0
81 	1 	11 	25 	115.094093 	0.0
81 	1 	11 	26 	114.642097 	0.0
81 	1 	11 	27 	91.497505 	0.0
81 	1 	11 	28 	112.509224 	0.0
81 	1 	11 	29 	112.591797 	0.0
81 	1 	11 	30 	111.109306 	0.0
81 	1 	11 	31 	113.783066 	0.0
81 	1 	12 	1 	157.413773 	0.0
81 	1 	12 	2 	166.331314 	0.0
81 	1 	12 	3 	163.498825 	0.0
81 	1 	12 	4 	167.127823 	0.0
81 	1 	12 	5 	163.490570 	0.0
81 	1 	12 	6 	164.623886 	0.0
81 	1 	12 	7 	164.675858 	0.0
81 	1 	12 	8 	165.310486 	0.0
81 	1 	12 	9 	165.499268 	0.0
81 	1 	12 	10 	108.396698 	0.0
81 	1 	12 	11 	104.807976 	0.0
81 	1 	12 	12 	105.895676 	0.0
81 	1 	12 	13 	108.672707 	0.0
81 	1 	12 	14 	102.377869 	0.0
81 	1 	12 	15 	103.398811 	0.0
81 	1 	12 	16 	122.505981 	0.0
81 	1 	12 	17 	109.648178 	0.0
81 	1 	12 	18 	117.511520 	0.0
81 	1 	12 	19 	115.711525 	0.0
81 	1 	12 	20 	119.865814 	0.0
81 	1 	12 	21 	118.902061 	0.0
81 	1 	12 	22 	118.127937 	0.0
81 	1 	12 	23 	110.571281 	0.0
81 	1 	12 	24 	112.515541 	0.0
81 	1 	12 	25 	114.269936 	0.0
81 	1 	12 	26 	110.766411 	0.0
81 	1 	12 	27 	113.750046 	0.0
81 	1 	12 	28 	117.732460 	0.0
81 	1 	12 	29 	113.748085 	0.0
81 	1 	12 	30 	119.172478 	0.0
81 	1 	12 	31 	112.505386 	0.0
